# Created by Octave 3.6.2, Sat Jul 06 23:55:32 2013 UTC <root@ananthbalashankar>
# name: xpos
# type: matrix
# rows: 1
# columns: 3
 -0 -0.4372664796860925 0.8739288261490445


# name: ypos
# type: matrix
# rows: 1
# columns: 3
 -0 -0.01429250653076991 0.04135253575227849


